MPCTensor(
        _tensor=tensor([[-1598207845549669520,  1840984655530125954,  7252124486862933246,
          ...,  1135409139362226565, -2122286394555019929,
          2433752885842087395],
        [-8870269562520682938,  1432636923230045333, -8299785668676851414,
          ..., -4939246253846808980,  1688035919116496941,
         -1972630997065031941],
        [ -969458271593943198, -1378345996590122879,  5036374509556797071,
          ...,  4647016259806514275,  4519933578426071773,
         -2921645683537933323],
        ...,
        [-5324153971400407199, -5173502720741347044, -3046023510271160211,
          ..., -7002483029053014875,  7888779336206083542,
          -237192236243072064],
        [-4359519799397558039, -2688423400774820509,   958652663934368259,
          ..., -1037866336261778910,  3388782268075681985,
         -3010198640569342967],
        [ 5691911140271585484,  8917221223126041104, -1446184705574731029,
          ..., -4597565656626104740,   364025297587273675,
          1621242154108271447]])
        plain_text=HIDDEN
        ptype=ptype.arithmetic
)
MPCTensor(
        _tensor=tensor([-2483784132632192176, -5984420580114200210, -6126573318268218999,
        -6275193380582677399,  5838383871921958461,  4961031565518973792,
            8745100042668587,  8404874382818495222,  7824374000019722015,
         -236938108664068905,  4192112862633480367,  7353484464520061942,
        -6401088346941690381,   317475919768256373, -7783116452307979978,
           54833603599161016,  -537360924764079637, -2542675096185450935,
         5027953988626195692, -1442992985917052820,  7207830854079852510,
        -1069992958722069894,  4527673852968561710,  2322034340308325557,
        -3850717877772500028, -2636858456638884218,   419060578815431061,
          -89071612746523494, -3985156615505011050, -7539202237695234072,
         8071743096673093234, -8057707936828026337, -8395593836175750304,
        -6879666364615832554, -5026514643922422687,   720388015299379970,
         4931730323424249695, -8147535947071461657,  3142752599996536750,
         -849678287853826581, -1554151355510008800, -4321803605846905223,
        -7237851877987391245, -6270871641858380542, -2178581261790972141,
        -6551330498649304719, -3294825351096196835, -2041557390705878589,
         4518623259185373299, -1096284381767164606, -7912388109763581384,
         2594513842249080121, -7029977349780615108,  3398840387836351387,
        -3286693780502943575,  1002538594857137905, -7226035916106682354,
        -7802806208503757814,  1876773743729500843,  4868817048224644594,
        -6270730838539979606,  5168423654259124179,  5703139446690739903,
         8198135700650331274, -4935150681101020334, -8649629315345359662,
        -2534915420947193696,   -97868011573046109,  8598690217745328067,
        -9126488293671196887,  8943810002833898326,  4897183942208646356,
         7841126515530386517, -6790847566486564965,  7306322907017316022,
        -3734140256782985329,  1194988195173057087,  6265551952449657279,
        -5696948828389552187,  4435905513070894913,  8020109220116926418,
         1171748336566924611, -7523587660381865780,  8801256671262497375,
         1903637172236997507,   500251216227856427,  1364066998235200174,
        -8263481985408884943, -1978936616748722545, -1766762502123610584,
        -4210727483560912754,  7757648476388887907,  -930571724193142025,
        -7048714040771864654, -4739337600168338632,  2133343668655916313,
         4874120150996603358,  3552093742380300559, -5271345285889789832,
        -8482161060833638030, -8040253609145713151, -6422358415968743126,
         5455998067906458809,  8044641362190442165,  2860005160025736034,
         6507407362449610889,   931039415746168836,  7538013955568990829,
         5692429162139145303,  2806038468721001710, -8798143148169267437,
        -2685175502921334078,  4913885200532155932, -2953579902155121176,
        -1536018214435187130,  1072050249681848327, -6003427630644775094,
        -2624450097870951808,  6558640651063131109, -8944687867146990530,
         -137964168838847167,  5281475972949310599,  3955559042825131093,
        -4498297208739041710, -3760728444994252939,  -447944594750433602,
        -1039954132576477563,  8968963299740505235,    62130426969838841,
        -8897238592290718659, -2969854197821772217,  1236022105257854786,
         7692740752451001383, -1211970729549299208,  1652985847294947221,
        -8767967945153171057, -8130543095241328872, -3933567093447683274,
         -265231759821252585,  -205257930155182875, -8304145221646218601,
        -3419762522325514660, -9186035969439967866,  6367079481769410377,
        -8203069007185485703,  4161630769192506629, -3662902277899055776,
         3141228327581824660,  -749039345751754815, -1234346204519816984,
        -3230648848537608627,   372044387067599004, -8520916816957959607,
         3041827179310366019,  1865466425180979300,  2491201176665531488,
        -6993090970686330172,  6692263493075129053, -4473580358310244586,
        -7693503234041098511,   893078581614450162, -5356330428308768222,
        -8436155567769535233, -6984268480620711609,  8496240469985170228,
          722548569469711827, -3567849264970887784,  2966285737380817095,
        -6440628542767303266,  1170918792701967096,  4778083490826162454,
         5863253020385952007,  4742809941669718963, -8350522702959594637,
         5841895081013880280,  -929149703448847218,   834649511858727820,
         5211429406294229624, -7942786126190360564, -2266908542401566331,
          318277189136775238, -8263275615138948273,  8892163507839620751,
         8288723028694238418, -6793724905887580032,  2466256987268388427,
        -5606037813550731048,  8611292318700970910,  9125365316849118976,
          936991178269517081, -8734422265555412721,  5268596360127678777,
         8878898839062486668,  1632997580386578091,  2202780604006320758,
        -3948379348080183193, -6549482198696700252,   866001556728062826,
         -786293688383435222,  6925459462226524733,  8358571961887973471,
        -6123114580502100447,  2449807697733840240,  8470234180259940032,
        -5646113672202180966,  7193145707088182176, -4470291763737280363,
        -5635097750905127973, -6968993178596932482, -1986533795020777059,
        -3549792205357859704,  2189353687456512151,  1394195258140282594,
         4398902138486682771, -7661013992722495082, -2341222752528241944,
         2672442579092139780,    76209050829438419, -4511709195819046680,
         4287119752747238028,  3649790274197519509, -6640557923695024623,
        -5773061047950817875,  3963111885612687667,  5229673724741869998,
         7487313143725795125,  1993584738347000801,  6792766213965573808,
        -1500049845331590089,  6242792351331705283,  4838853211768279002,
          108303171772879043,  2487749990324933265, -5670119591725853261,
         6084830883299556377,  4014838175448108316,  1185923842249453206,
         1364496364415550767, -3475338182247699886,  2611633808083339925,
         3941099608388877409, -6784576265963485855,  1394806856917237871,
        -2948225007228194795,  5023402787855883909])
        plain_text=HIDDEN
        ptype=ptype.arithmetic
)
MPCTensor(
        _tensor=tensor([[ 6320131101415962630, -8108496347577509882,  4202226848432076009,
         -6341276523168760475,  5137944862315735537,  5612603255488582765,
          1450045269230883749,  3164448998067864196,  3802806223398621402,
          7412843137983603128, -3330586414614801047, -2213527145973915932,
          7287131114168586278,  8556777354168372655,   463773552749246081,
         -1299246469524281146, -2882866890746683595, -8573789620448079980,
          7111710101160778499, -4240427552968982352, -2861449292741563623,
          4246825416513844583,  2837713927528824572, -1262375896997690454,
          -768476933624638898,  3132039666566556660, -2870573016257136331,
         -4093272859503268649, -5226277181856749746,  2599296910316422342,
          3891178342880495356,  7257928983136192383, -1801655454217154567,
         -5474640889954794370,  1298216946191800276,  4855975259031430453,
           665890619339551690, -5694405373076705969, -7189611656324670697,
          3230994277984491813,  -997667960786841379, -3507771432122088807,
          3931371053164289689, -6452799257743996142, -1466712682645022284,
          8967217372948707612,  7966506039288091595, -6755034693580947948,
          8570649530854543749,  6177211862059126509, -2553096227427523240,
          1743816476817083273,   186109882434124667, -6742164164584402484,
         -6998403470413189458,  9141004725846838776,  8745767149617995962,
          9026004318363620014, -7913415873173070713,   972162179575093296,
           153740664720875122,  -489084471961143203,  2904774415803069161,
          5932020271426974385, -5579833160304588764,  5204835965329586911,
         -4944599642771489626,  7843034426082367448,  8458623689309841136,
         -9084779703138978586, -6951122307540394736,  1054606821578644494,
         -6897140402767579381,   558100759686777345,  4812535705030332149,
          8166174259979437191,  3941249911493005841,  5357197964335888418,
         -6845187594588227122, -8804381277326216204, -6579160091617842858,
          9141878750416468419,  1889608782299022833,  4930282488949033561,
         -4193296709909634930, -6854727457588606869,  2243625393724539185,
          2340285040312637850, -1084646170536303819,  4643088936744905072,
          -282595435109401704,  7116573792286109548,  4788527168659516241,
          4689296184910009071,  4862770694125686150, -2600636602765825130,
          7508987519198649980, -8214745767530721289, -5388628118297298219,
         -1795277779775401549,  6804669969128943895,  6651410619596199202,
         -6392575082990238703, -8354644081656255649,   889872716633834378,
          6460351156802198699,  3527303479434549363,  4627381440607383922,
          -228035442847187382,  6865984821500071294,  6195299606562896859,
         -3247905287749142744, -1854782448166254921,  5584443806480066080,
         -6121162487526628899,  6289947059082923336, -6828931646348690752,
          2462831724395892925, -8173579076246192691, -5480054209302962237,
          6172301569242352564,  7434898422500803976,  5437329085456898844,
         -6525100436643738929,  9216145649579935389, -2674824116761747992,
         -5966131532395833875,  1727633834279567597, -7351033409898087048,
          6645904596557214854, -7963260241160720652,  7225872250481391228,
          7530345840639923387,  2352425125775852906,  3974350194523694662,
          2131876594509482257,  2407002808110942431, -3684720120195937750,
           122461379834429490,  6699761701092143774, -7327686823396855483,
         -1679523228958085381,  8345223552858071255, -2038252723889179811,
         -8060693946503497172,  1035310812645163183, -1946150674377252896,
         -1134686817854351497, -5138898072808430472, -4081374524659409568,
         -7933665602830567320, -8993264910627895660,  6315567415703314959,
         -6443072594773873309, -6946237080004872218, -1875864838216691521,
          -432972000525047668,   -55571886987456669,  7520508364199354069,
         -4559976716710737642, -6123318395833673486,  8937195398367419905,
         -5386408137278451858, -8579605369620847741,  2874481127566692655,
          5475559736973756247, -8984829243633517267, -7014289399967123042,
          3532957127831765101,  4283005680479514239,  1317488120474037160,
         -8009807530814054284,  6744198024163943449, -7268708904062437125,
         -5306437026462489666,  -600099653124657768,  4899282612635894386,
          7611888951276720959, -7369861868127875650, -6305681608336496405,
          4923262027847639278,  5395252729972399687, -6866744868084011145,
            37516778046389989, -3915715674688989947,  7705676040765855422,
          8235927363565071553,  4271710578834049142,  8231276524455556623,
         -5925776382078172264, -3812101917453287397, -7989807601398131720,
         -5278255634838514278,  1728677270669808742,  4645608556392812731,
          8961032074008184562, -5189308203023938204,   311356297663624994,
           -61800153019868190, -4761025387209807080, -6818939369555225704,
           807627380165920763,  8543349618980837711,    26522337231248970,
         -6805286984750041612,  3345539889823177649,  3715131866372452098,
          2409915509112469697, -1936095926254664457,   497316946974303973,
          9085898391940492631, -7083778268941259250,  2957039211424442888,
          8862065682362144602,  6959381124862650635,   539492409624350094,
          5399674367441260293, -4006672727357807596,  -377151931554648684,
          2347030933373072485,  3814256287183491960, -2204656152761835885,
          4616582502847331513,  5118218723875899324, -4279937455597610572,
          7052056421881383969, -7660120324700338595, -1543294087737802269,
          5443483690476784858,  5433772333119405970, -2259853135527791041,
          3572343184742697137,  8063492849533076566, -1833511844781717960,
         -5117483442428725625, -8456308019919225655,  -439233340458956218,
         -2694112193876812967,   -88894379840467634, -7073323715038559891,
         -2261500285903466051,  6821953444390787490, -7595578586952765882,
          3180518971610335748, -8960893647031007364]])
        plain_text=HIDDEN
        ptype=ptype.arithmetic
)
MPCTensor(
        _tensor=tensor([736508875537501183])
        plain_text=HIDDEN
        ptype=ptype.arithmetic
)